1
1
1
4
0
4
4
4
4
1
1
4
4
3
4
4
4
4
4
4
4
4
4
4
4
1
4
4
1
4
4
4
4
4
4
4
4
4
4
4
4
4
4
4
4
4
4
2
4
4
4
1
4
4
4
4
4
4
4
4
4
4
4
1
4
4
4
4
4
52
4
1
4
4
4
4
3
4
4
8
63
1
4
5
52
63
4
4
4
4
1
4
7
4
7
7
52
4
4
5
63
4
7
4
4
43
4
1
4
4
7
4
4
43
43
7
4
7
1
7
7
7
4
4
9
4
4
4
7
4
4
4
1
4
7
5
7
4
9
7
1
6
4
4
4
4
11
7
63
4
7
21
9
52
7
5
21
21
5
21
21
4
4
7
4
61
63
4
21
52
22
22
22
1
7
4
22
21
21
22
22
22
9
4
5
22
21
22
21
7
22
21
43
7
61
22
22
22
21
5
4
7
9
22
83
21
22
21
21
22
4
22
22
21
43
22
11
22
4
4
22
7
22
7
22
21
83
52
9
21
4
7
7
22
22
87
4
21
21
22
22
21
21
9
22
87
22
22
22
21
22
83
4
21
4
7
83
87
7
22
9
4
61
61
21
21
21
63
4
21
22
22
9
21
63
4
4
21
22
83
21
7
4
21
22
4
7
4
22
4
22
21
4
7
61
22
22
21
4
83
22
17
21
21
9
83
87
21
83
87
4
87
11
21
21
21
7
21
4
12
53
7
9
4
7
21
11
61
78
78
21
53
21
53
22
21
9
93
93
21
4
87
4
21
30
93
7
22
4
21
21
93
4
5
93
93
22
21
21
4
22
4
22
22
24
93
4
21
9
21
21
4
21
23
83
7
21
7
22
7
4
21
83
4
66
46
4
18
22
21
4
15
24
22
93
21
87
21
63
24
87
4
22
53
14
7
87
93
21
21
46
7
7
79
21
24
4
46
17
5
46
21
22
7
21
22
52
21
83
4
21
46
46
4
24
46
24
46
24
15
22
4
53
46
53
61
46
46
46
24
24
87
93
38
7
83
78
46
83
93
22
87
21
52
24
46
46
21
21
4
4
46
86
21
83
52
18
78
46
24
24
93
23
46
4
24
46
4
22
24
4
53
21
46
87
21
63
46
93
52
21
46
24
53
96
46
21
23
46
7
24
22
66
7
23
93
21
24
5
21
21
46
46
46
21
46
78
22
24
46
4
46
24
24
46
23
7
21
63
24
4
86
22
5
46
46
21
21
24
22
46
46
46
21
21
23
21
4
52
5
93
7
19
46
9
86
22
46
21
21
83
93
78
87
46
93
20
23
36
61
46
83
24
7
93
21
4
21
87
23
46
49
78
22
23
46
10
21
21
63
23
7
46
52
86
66
22
46
93
22
7
86
7
66
46
7
26
24
21
78
5
21
7
86
21
87
24
7
46
17
21
7
46
86
46
46
21
46
93
53
46
46
22
32
22
41
46
22
91
13
23
22
24
22
63
23
31
22
46
46
31
52
46
46
23
46
22
46
46
66
38
21
23
41
4
43
21
21
91
46
7
4
21
29
24
33
93
78
7
4
21
21
21
21
21
21
21
48
22
43
46
86
87
46
23
93
4
22
7
22
83
31
93
23
24
83
32
33
78
87
7
46
4
78
4
46
4
46
30
83
78
23
52
46
4
46
4
87
52
21
4
96
54
23
21
46
87
43
24
21
83
52
46
7
46
87
53
46
9
24
23
87
48
21
63
34
23
5
23
7
24
4
78
21
21
22
46
46
46
23
31
21
21
4
35
41
5
46
24
23
23
36
44
52
53
22
86
17
23
22
46
23
87
47
21
22
21
23
24
21
38
23
21
23
39
93
93
46
46
46
40
7
93
4
46
21
7
23
4
41
93
23
83
87
7
21
4
23
46
22
21
21
46
21
21
21
21
46
78
23
46
46
46
4
22
4
21
23
23
10
7
7
46
63
42
23
4
21
21
23
55
4
23
93
50
87
21
23
53
4
38
50
22
46
21
23
21
23
93
54
87
22
54
87
24
44
78
46
46
21
24
54
17
87
23
22
23
23
27
41
46
21
7
21
46
53
23
21
23
4
21
7
78
22
22
71
4
21
93
93
46
23
24
52
22
23
23
87
46
50
63
21
49
46
86
46
23
52
23
46
53
23
86
23
46
7
83
93
23
54
50
23
21
4
7
23
23
46
24
45
21
4
46
46
87
53
23
22
43
46
23
46
46
83
78
46
21
7
7
78
9
22
91
21
17
21
23
46
21
21
50
51
21
21
22
46
47
83
21
23
54
32
23
54
46
93
46
24
21
21
22
50
22
21
23
50
46
21
7
46
23
63
46
83
93
93
4
21
7
22
4
22
52
4
83
24
53
9
23
66
23
24
23
21
21
24
46
46
23
46
53
24
21
60
50
21
22
46
51
78
21
21
87
53
21
21
78
52
83
83
83
46
24
23
7
46
54
87
52
63
21
78
22
23
50
56
54
22
46
23
7
50
4
21
23
46
23
93
17
4
21
22
21
86
46
23
46
46
53
21
21
24
93
21
23
9
46
46
21
27
7
54
46
63
4
46
46
46
24
22
93
4
21
21
46
46
7
87
24
21
21
60
10
21
46
21
21
7
7
46
50
24
52
7
46
22
54
21
22
21
43
23
7
46
23
87
4
51
23
46
23
22
4
46
21
9
71
21
80
21
78
22
21
87
56
52
7
56
21
61
50
23
71
78
4
54
21
93
21
86
21
23
23
23
23
7
50
57
87
63
21
83
87
46
23
56
21
22
83
46
21
93
7
21
7
17
23
53
4
83
46
52
46
9
21
46
24
21
24
7
43
53
23
50
22
21
46
21
46
22
46
56
66
21
22
24
22
4
4
23
7
22
50
24
23
22
46
46
4
23
57
61
86
22
21
4
4
22
4
78
7
71
66
78
5
50
93
4
4
71
50
23
7
24
46
5
22
4
24
50
21
78
49
23
21
46
23
4
46
23
93
46
83
46
46
22
46
23
46
93
83
23
22
22
46
46
21
46
4
86
9
46
78
93
22
46
46
22
23
52
23
46
46
22
96
9
96
56
4
4
43
52
23
4
46
23
83
4
23
7
22
46
24
22
7
23
46
46
57
46
46
23
87
46
83
24
22
93
22
53
22
63
22
22
93
23
46
46
93
4
78
46
78
71
46
71
7
46
46
22
87
71
22
46
22
23
10
4
46
22
4
22
7
23
61
7
93
5
83
86
22
93
4
46
46
87
5
58
46
61
22
7
46
63
78
22
43
71
66
22
4
24
4
23
4
8
4
71
22
53
87
4
46
7
7
83
46
93
4
46
61
22
93
7
4
46
63
24
7
46
52
7
24
22
22
66
22
22
46
83
93
87
7
24
7
23
83
22
22
7
9
22
23
4
24
23
80
23
4
4
46
23
93
4
23
83
22
59
46
71
23
87
22
17
23
4
93
9
46
49
93
93
46
93
4
43
83
66
63
23
7
71
24
22
46
61
22
83
23
17
93
23
87
59
52
70
87
78
83
22
93
93
22
7
93
93
7
70
22
46
23
22
22
23
22
22
71
63
93
4
70
78
7
4
93
23
87
4
4
83
93
71
22
93
7
23
7
23
93
71
62
70
71
91
83
23
4
71
23
7
4
4
22
4
4
7
22
60
93
7
70
4
22
87
4
24
4
4
52
60
71
23
23
7
24
71
93
71
86
22
7
71
23
69
7
22
22
87
69
22
93
71
22
83
52
70
4
4
22
64
7
79
74
22
78
4
22
71
4
70
4
7
4
7
71
22
93
4
70
7
87
22
23
70
23
7
87
71
7
23
71
7
93
22
7
17
71
87
22
22
93
22
24
7
22
4
66
7
7
4
22
7
23
4
7
22
66
71
4
4
7
96
93
4
22
87
71
4
72
7
23
4
7
7
71
83
7
83
52
23
63
23
66
22
4
93
7
71
71
4
71
22
93
23
22
87
22
87
23
22
83
4
22
87
7
78
7
71
4
23
4
70
22
63
66
7
70
67
4
7
23
7
7
4
7
71
93
7
4
67
91
70
68
74
69
7
22
49
7
7
7
78
4
7
93
7
7
7
74
87
86
4
7
83
87
87
22
4
7
22
7
63
72
4
78
7
22
93
4
22
4
7
4
7
7
4
7
66
23
7
71
86
74
87
23
7
7
7
7
7
78
93
73
71
4
22
7
7
7
63
63
22
70
49
4
22
74
7
24
23
83
4
4
7
72
23
22
4
96
4
4
74
17
7
4
7
74
23
83
7
83
7
7
79
7
70
4
24
7
7
4
7
22
91
7
87
7
23
7
7
4
4
4
75
75
7
23
7
71
75
86
7
72
75
75
7
7
93
7
73
7
7
87
7
7
87
60
78
75
78
75
7
4
23
7
7
4
7
77
4
7
77
75
87
4
83
96
77
77
22
23
7
7
77
70
7
78
70
4
22
77
22
22
7
7
22
7
22
70
75
71
22
4
7
75
87
7
22
4
75
7
75
7
22
4
7
4
87
4
75
72
75
7
7
87
72
75
7
7
4
83
4
75
4
4
7
4
75
4
83
4
75
75
24
75
4
4
75
7
71
77
7
22
22
7
93
93
63
7
22
75
7
4
7
4
4
7
93
4
75
7
4
87
22
87
75
78
87
7
75
83
83
22
7
4
75
75
70
87
78
4
75
77
17
4
7
75
75
75
4
7
87
7
4
71
23
4
4
24
4
4
70
7
75
7
7
71
87
78
75
4
7
4
77
17
7
22
7
77
60
96
75
75
4
4
4
4
7
70
7
75
74
24
75
4
7
75
4
75
7
4
4
93
7
22
4
10
23
7
4
22
7
75
7
75
7
83
77
22
93
4
87
7
75
78
7
7
83
7
78
4
7
74
93
75
7
75
7
7
63
75
4
4
7
7
75
4
22
7
4
4
22
77
93
7
96
75
7
78
78
22
22
7
4
83
75
4
77
87
4
4
22
7
93
7
22
87
22
22
4
4
75
71
75
77
75
4
78
7
4
4
7
4
4
7
7
4
77
4
86
7
75
7
75
7
24
75
75
4
22
86
87
77
7
22
75
7
7
75
75
78
4
75
22
7
4
7
4
4
7
83
4
7
7
7
24
4
4
22
17
75
75
75
7
75
75
4
77
74
71
4
75
22
75
4
87
87
4
4
4
7
60
7
7
7
7
75
86
86
4
7
4
75
91
7
4
24
7
7
22
24
87
22
71
78
71
75
75
7
7
4
75
4
75
75
74
7
22
75
22
93
24
76
7
75
75
7
83
7
7
93
71
4
7
7
7
7
77
78
71
22
77
75
75
7
75
75
7
75
75
76
75
88
71
71
71
83
78
78
7
7
4
75
78
7
23
83
91
4
71
7
83
93
75
4
75
7
22
75
75
86
75
22
74
7
77
22
10
78
86
71
71
7
75
22
7
93
75
24
4
75
75
75
4
83
78
22
4
78
7
4
77
4
7
77
83
24
75
83
75
7
71
75
22
75
75
71
22
4
22
22
87
7
4
7
60
88
75
78
78
24
75
78
75
75
75
88
75
75
60
75
71
75
24
7
77
77
4
75
75
7
71
75
77
77
24
75
75
77
77
78
75
83
87
78
75
75
78
71
83
22
75
83
4
75
75
77
93
75
22
83
4
75
4
75
75
75
75
93
75
83
91
23
75
4
75
86
71
75
75
75
83
75
78
78
4
88
22
75
24
75
87
75
88
75
78
93
22
78
78
75
71
78
75
75
75
24
78
22
71
78
4
24
75
4
75
75
17
22
22
93
75
77
75
78
4
75
88
96
87
4
75
88
75
93
88
75
22
83
79
75
71
75
24
22
75
71
86
75
75
83
83
4
75
22
75
22
75
77
4
22
93
75
75
77
88
88
75
23
75
24
75
4
86
71
75
75
75
75
75
75
22
91
75
75
75
88
77
78
78
60
71
75
75
93
75
75
4
77
75
75
78
87
88
75
75
83
22
75
88
22
93
24
75
75
77
75
75
93
22
83
24
91
75
88
75
22
71
78
88
96
88
4
88
83
88
22
78
75
24
93
82
75
75
4
75
75
78
96
75
78
88
75
75
74
88
22
17
77
93
86
93
10
88
75
88
75
75
88
93
81
75
75
60
22
22
22
75
75
88
75
88
88
22
88
22
22
66
71
75
66
86
75
81
77
77
24
88
78
88
88
88
24
75
75
88
75
75
75
75
77
88
80
78
75
83
88
75
88
87
88
91
22
93
22
75
88
88
88
24
87
75
78
88
88
88
22
22
88
88
22
93
93
22
88
24
88
60
88
82
22
75
71
75
71
78
4
88
88
88
93
77
75
88
88
75
96
88
88
75
88
88
75
87
75
88
88
88
75
75
88
75
88
77
24
24
78
93
75
88
88
88
88
24
88
22
78
88
79
88
88
78
75
22
66
4
88
24
88
22
87
88
86
88
88
75
22
88
75
78
75
88
88
88
22
88
88
88
88
88
88
88
88
77
87
88
88
22
22
88
88
88
93
75
75
83
22
75
24
88
93
22
78
88
75
87
22
71
93
87
88
88
78
71
75
24
88
87
75
79
78
77
24
88
75
87
22
93
88
79
88
60
86
77
75
75
88
24
86
96
75
93
93
88
22
88
75
22
22
88
88
88
22
22
75
88
88
22
75
88
88
22
75
88
22
75
87
88
88
93
88
75
22
88
88
75
88
88
22
77
75
22
24
71
88
88
78
88
83
88
75
75
88
87
88
88
22
88
87
75
93
83
93
93
91
88
83
24
88
75
78
88
93
24
88
93
71
22
87
88
75
22
24
22
22
88
75
88
24
22
88
75
22
22
22
88
22
88
22
71
91
83
75
75
75
78
88
86
75
84
87
88
83
93
22
88
93
88
75
78
88
88
88
60
75
74
88
88
88
22
22
83
88
22
22
83
88
86
24
75
88
75
88
22
78
88
85
88
88
22
22
88
22
88
88
93
78
22
22
24
75
96
22
93
93
88
22
22
71
87
88
93
78
88
77
88
22
75
88
22
22
93
22
71
83
75
87
87
79
91
91
80
87
24
88
80
83
88
22
75
93
83
96
22
75
90
88
88
75
75
88
93
22
93
88
88
83
22
88
22
86
78
22
88
24
22
22
93
89
88
83
88
88
87
71
75
88
74
22
22
88
88
90
75
93
75
86
75
88
93
22
83
77
24
88
88
90
77
83
88
88
94
75
78
92
24
88
24
88
22
24
24
90
22
22
93
24
88
88
24
24
88
88
83
88
78
24
83
71
96
88
95
75
93
88
93
88
94
88
93
71
78
75
88
93
88
86
88
88
22
93
93
88
88
95
88
93
88
77
75
88
96
75
77
88
60
88
83
86
83
88
88
88
93
88
91
22
87
88
88
83
88
88
88
88
83
10
88
22
71
91
83
93
88
88
88
87
49
88
93
88
77
88
71
90
88
88
88
88
88
87
88
60
88
88
88
88
93
74
88
49
88
83
93
83
77
93
93
74
96
71
88
71
88
87
88
71
71
96
88
88
77
88
88
83
88
88
88
93
87
88
77
83
83
83
88
83
88
77
88
88
71
88
88
87
83
83
10
88
88
88
93
71
83
93
77
83
88
71
88
77
77
83
88
71
71
74
88
83
83
88
83
88
83
88
77
88
83
88
88
88
77
88
88
88
77
88
88
88
88
