98 97
1050 0 MIN
605 0.017427 SAD
576 0.018428 MAX
1742 0.018599 SAD
461 0.019396 SAD
616 0.019436 MAX
1659 0.019561 MAX
3132 0.024445 SAD
3251 0.025105 SAD
3194 0.025523 MAX
279 0.02572 SAD
3076 0.025778 MAX
319 0.027128 MAX
2882 0.031661 SAD
2710 0.032301 SAD
2681 0.032874 SAD
2733 0.033063 MAX
2789 0.033667 MAX
3221 0.050742 SAD
3244 0.051334 MAX
611 0.065935 SAD
614 0.066127 SAD
645 0.067827 SAD
562 0.067891 MAX
829 0.070104 MAX
3120 0.070969 SAD
3158 0.071434 MAX
3191 0.073624 SAD
591 0.073666 SAD
1063 0.074208 SAD
3227 0.075615 MAX
814 0.075644 MAX
1541 0.075648 SAD
1437 0.075744 MAX
2564 0.085058 SAD
1866 0.086538 SAD
1792 0.08711 MAX
1948 0.089053 SAD
2362 0.103505 SAD
2360 0.103763 MAX
79 0.211921 SAD
166 0.212388 SAD
47 0.213062 MAX
1601 0.217165 SAD
1088 0.223256 SAD
792 0.223276 SAD
683 0.224695 MAX
895 0.22648 MAX
114 0.228147 SAD
141 0.228875 MAX
13 0.229277 SAD
4 0.22944 MAX
76 0.229542 MAX
870 0.230506 SAD
784 0.231073 SAD
1217 0.231254 SAD
1852 0.231344 SAD
1013 0.232192 SAD
1280 0.232442 MAX
765 0.232997 MAX
864 0.234032 MAX
1929 0.23412 MAX
1794 0.235728 SAD
1728 0.236473 SAD
1096 0.23679 SAD
1600 0.237598 MAX
263 0.237881 SAD
1777 0.238645 MAX
1006 0.239221 SAD
969 0.239794 MAX
1545 0.240855 SAD
1922 0.241493 MAX
1517 0.24161 MAX
312 0.244147 MAX
1095 0.247587 SAD
643 0.247985 SAD
344 0.248675 SAD
716 0.24971 MAX
476 0.251199 MAX
711 0.251884 MAX
685 0.252834 SAD
453 0.253005 SAD
404 0.253493 MAX
810 0.255019 MAX
1225 0.255053 MAX
717 0.255504 MAX
1064 0.259029 MAX
1001 0.265624 SAD
820 0.266927 MAX
1068 0.268452 MAX
578 0.28647 SAD
791 0.28759 MAX
439 0.290238 MAX
2077 0.315025 MAX
3135 0.345272 SAD
3039 0.348771 MAX
3186 0.350732 MAX
150 0.543428 MAX
13 4
166 13
79 47
13 76
2564 79
1088 114
114 141
1948 150
79 166
784 263
3251 279
263 312
279 319
643 344
453 404
578 439
685 453
1742 461
344 476
645 562
605 576
591 578
2681 591
1050 605
3221 611
611 614
461 616
1095 643
614 645
792 683
344 685
1006 711
643 716
685 717
784 765
870 784
578 791
1088 792
453 810
1063 814
1001 820
645 829
1013 864
114 870
792 895
1006 969
614 1001
1096 1006
1217 1013
591 1063
1096 1064
1001 1068
1601 1088
1545 1095
1013 1096
870 1217
1095 1225
1217 1280
1541 1437
1545 1517
1063 1541
263 1545
1728 1600
166 1601
1742 1659
1794 1728
605 1742
1794 1777
1866 1792
1852 1794
1601 1852
1541 1866
1728 1922
1852 1929
1866 1948
2564 2077
2362 2360
1948 2362
3191 2564
2710 2681
2882 2710
2710 2733
2681 2789
279 2882
3135 3039
3132 3076
611 3120
461 3132
2362 3135
3120 3158
3135 3186
3120 3191
3251 3194
2882 3221
3191 3227
3221 3244
3132 3251
